注意：共150组模拟，每组模拟1万次

单个pe：

32 0.1 0.4, 10000 times for each
Results: 
      5, 5, 5, 5, 5, 5, 5, 5, 5, 5, 5, 6, 5, 6, 5, 5, 6, 5, 5, 6, 5, 6, 5, 5, 5, 5, 5, 5, 5, 5, 
      5, 6, 5, 5, 6, 5, 5, 5, 5, 5, 5, 5, 5, 5, 5, 7, 5, 5, 5, 5, 5, 5, 5, 5, 5, 5, 5, 5, 5, 6, 
      5, 6, 5, 6, 5, 5, 5, 5, 4, 5, 5, 5, 6, 6, 5, 4, 5, 6, 5, 5, 5, 5, 5, 5, 5, 5, 5, 5, 6, 5, 
      5, 5, 5, 5, 5, 5, 5, 5, 5, 5, 7, 6, 6, 5, 5, 6, 5, 5, 5, 5, 5, 5, 5, 5, 5, 5, 5, 5, 5, 5, 
      5, 6, 6, 5, 5, 5, 5, 5, 5, 5, 5, 5, 5, 6, 5, 6, 4, 5, 5, 5, 5, 5, 5, 5, 6, 5, 5, 5, 5, 5, 

32 0.1 0.4, 10000 times for each
Results: 
      2, 1, 0, 0, 2, 2, 2, 1, 0, 2, 2, 2, 4, 1, 1, 1, 1, 1, 1, 2, 3, 0, 1, 2, 1, 1, 3, 1, 1, 0, 
      0, 1, 3, 1, 0, 2, 0, 1, 0, 2, 1, 1, 3, 1, 3, 2, 1, 2, 1, 1, 1, 1, 0, 0, 1, 0, 2, 0, 1, 1, 
      0, 2, 1, 1, 1, 0, 1, 2, 1, 2, 2, 0, 1, 1, 0, 0, 1, 1, 2, 1, 1, 1, 1, 1, 1, 1, 3, 0, 0, 0, 
      1, 1, 2, 1, 1, 1, 1, 1, 0, 1, 2, 1, 1, 2, 1, 2, 1, 1, 0, 1, 1, 0, 2, 1, 2, 1, 2, 1, 1, 0, 
      2, 2, 1, 2, 0, 0, 1, 0, 0, 1, 1, 2, 0, 1, 0, 0, 2, 0, 1, 1, 0, 0, 0, 2, 0, 1, 1, 1, 0, 3, 

