50 0.1 0.1, 1000 times for each

      1.25, 1.25, 1.375, 1, 1.125, 1.25, 1.5, 1.375, 1.25, 1.25, 
      1.375, 1.25, 1.25, 1.25, 1, 1.25, 1.25, 1.25, 1.375, 1.25, 
      1, 1.5, 1.25, 1.25, 1.25, 1.375, 1.25, 1.375, 1.125, 1.25, 
      1, 1.25, 1.25, 1.125, 1.5, 2, 1.375, 1.5, 1.125, 1.25, 
      1.125, 1.125, 1.375, 1.375, 1.5, 1.25, 1.375, 1.375, 1.375, 1.25, 

50 0.1 0.2, 1000 times for each

      2.375, 2.875, 2.375, 2.5, 2.375, 2.25, 2.375, 2.375, 2.375, 2.125, 
      2.5, 2.5, 2.25, 2.375, 2.25, 2.25, 2.5, 2.125, 2.25, 2.25, 
      2.125, 2.625, 2.125, 2.75, 2.375, 2.25, 2.875, 2.125, 2.125, 2.5, 
      2.375, 1.875, 2.125, 2.125, 2.25, 2.375, 2, 2.25, 2.375, 2.25, 
      2.25, 2.375, 1.875, 2.625, 2.625, 2.375, 2, 2.75, 2.125, 2.375, 

50 0.1 0.3, 1000 times for each

      3.125, 3.125, 3.625, 3, 3.625, 3, 3.125, 3.25, 3.125, 2.875, 
      3.375, 3, 2.75, 3.125, 3.25, 3.125, 3.125, 3.375, 3.125, 3.375, 
      3.25, 3.25, 3.25, 3, 3.125, 3.375, 3, 3.625, 3.375, 3, 
      3.375, 3.125, 2.75, 3.625, 3, 2.75, 3, 3.125, 3.25, 3, 
      3.5, 3.125, 3.25, 3.5, 3, 3.125, 3, 3.375, 3.625, 3.125, 

50 0.1 0.4, 1000 times for each

      4.375, 4.375, 4.25, 4.125, 4.5, 4.75, 4.5, 4.25, 4.375, 4.5, 
      4.25, 4.125, 4.25, 4.125, 4.125, 4.5, 4.375, 4.375, 5, 4.25, 
      4.375, 4.25, 4.625, 4.75, 4.25, 4.25, 4.375, 4.125, 4.5, 4.75, 
      4.875, 4.25, 4.125, 4.375, 4.375, 4.25, 4.125, 4, 4.125, 4, 
      4.25, 4.375, 4.25, 4.75, 4.5, 4, 4.75, 4.125, 5.625, 4.375, 

50 0.1 0.5, 1000 times for each

      5.125, 5.125, 5.25, 4.875, 5.875, 5.375, 5.625, 5.5, 5.25, 5.25, 
      5.625, 5.75, 5, 5, 5.625, 5.5, 5.5, 4.875, 5.75, 4.875, 
      5.75, 5.125, 5.125, 5.125, 5.875, 5.25, 5.25, 5.625, 5.5, 5.625, 
      5.625, 5.25, 5.625, 5.75, 5.5, 5.75, 5.25, 5.5, 6.125, 5.125, 
      5, 6, 5.125, 5.25, 5.125, 5.125, 5.125, 5.75, 5.5, 5.5, 

50 0.1 0.6, 1000 times for each

      6.125, 6.125, 5.875, 7, 5.875, 6, 6, 7.125, 6.875, 6.5, 
      7.375, 6.875, 6.375, 6, 5.5, 7.125, 6.125, 6, 6.5, 5.375, 
      5.875, 6, 6.625, 6.125, 7.25, 5.875, 6, 6.25, 6, 6.625, 
      6.125, 6.25, 6.625, 6.5, 6.25, 6, 6.125, 5.5, 6.25, 6.375, 
      6.25, 6, 6.375, 6.125, 6.5, 5.875, 6.5, 6.625, 5.875, 5.5, 

50 0.1 0.7, 1000 times for each

      7, 7.375, 7, 7.25, 8.125, 6, 6.25, 6.75, 6.375, 7.375, 
      7.125, 7.625, 6.625, 6.25, 6.375, 6.875, 7, 6.75, 7.625, 7.125, 
      6.75, 7.125, 6.5, 6.75, 6.625, 7.375, 7.25, 7.25, 7.125, 7, 
      7.125, 6.875, 6.625, 6.875, 5.75, 7, 6.625, 6.5, 8, 7, 
      8.25, 6.875, 7, 6.5, 6.5, 6.75, 6.625, 7, 6.375, 6.5, 

50 0.1 0.8, 1000 times for each

      8, 7.375, 7.125, 7, 7.125, 6.875, 7.625, 7.375, 7.375, 7, 
      7.125, 7.125, 9.5, 7.5, 7.5, 7.875, 7.375, 7.75, 8, 7.875, 
      7, 7.25, 8.375, 7.75, 7.375, 7.125, 7.5, 8.625, 8, 7.25, 
      7.375, 7.375, 7.25, 7, 7.25, 7, 8.25, 7.375, 7.375, 8.375, 
      7.625, 9.375, 7.875, 8.75, 7.875, 7.25, 8, 7.625, 7.875, 7.5, 

50 0.2 0.2, 1000 times for each
      
      2.25, 2.375, 2.25, 2.375, 2.25, 2.125, 2.25, 2.75, 2.625, 2.125, 
      2.125, 2.375, 2.125, 2.375, 1.875, 2.125, 2.25, 2.125, 2.5, 2.125, 
      2.25, 2.125, 2, 2, 2.375, 2, 2.25, 2.125, 2.375, 2.75, 
      2.5, 2.5, 2.25, 2.75, 2, 2.125, 2.125, 2.5, 2.125, 2.25, 
      2.125, 2.625, 2.25, 2.125, 2.125, 2.625, 2.375, 2.625, 2.125, 2.25,

50 0.2 0.3, 1000 times for each
      
      3.5, 3.25, 3.25, 3.5, 4, 3.5, 3.625, 3.5, 3.25, 3.375, 
      3.25, 4, 4, 3.75, 3.125, 3.25, 3.625, 4.5, 3, 3.625, 
      3.5, 3.625, 3.5, 3.375, 3.25, 3.5, 3.5, 3.125, 3.25, 3.5, 
      3.875, 3.125, 3.375, 3.625, 3.625, 3.125, 3.375, 3.625, 3.25, 3.375, 
      3.375, 3.375, 3.625, 3.875, 3.125, 3.375, 3.625, 3.5, 3.5, 3.625, 

50 0.2 0.4, 1000 times for each
      
      6.625, 5.375, 5.125, 5.25, 5, 6, 5.375, 5, 4.875, 4.5, 
      6.625, 5, 6, 4.875, 5.375, 5.75, 5.5, 4.75, 5.5, 4.875, 
      5, 5.5, 5.125, 4.875, 5, 5.125, 5, 5.5, 5.375, 5.125, 
      4.75, 5.625, 5, 5.125, 5, 5, 5, 4.875, 5.5, 5, 
      5.125, 5.375, 5.125, 5.125, 4.375, 5.5, 4.375, 5.125, 5.125, 4.75, 

50 0.2 0.5, 1000 times for each
      
      7.125, 6.375, 6.5, 6.375, 7.625, 6.625, 7.25, 7.375, 6.625, 6.5, 
      7.125, 6.25, 6.625, 8.125, 6.875, 7.25, 6.625, 6.875, 6.5, 7.125, 
      6.75, 6.625, 6.5, 6.5, 6.5, 6.5, 7.25, 6.625, 5.875, 6.25, 
      6.5, 7, 7.25, 7.75, 6.625, 7, 6.875, 7.25, 6.5, 7.125, 
      6.375, 7, 6.75, 6.25, 6.875, 6.5, 6.875, 6.875, 6.625, 6.75, 
      
50 0.2 0.6, 1000 times for each
Results: 
      8.625, 8.5, 9, 8, 9.25, 7.375, 8.25, 8.375, 8.25, 8.75, 
      8.875, 8.625, 7.375, 9, 8.125, 8.25, 8.375, 9, 7.625, 8, 
      8.375, 8.375, 8, 9.125, 8.25, 8.875, 8.75, 7.625, 8.625, 7.875, 
      8, 8.125, 7.875, 7.75, 8.375, 7.875, 7.75, 8.5, 7.75, 8.5, 
      8.5, 8.5, 7.75, 7.75, 8.5, 8.875, 8.375, 8.125, 8, 8.625, 

50 0.2 0.7, 1000 times for each
Results: 
      9.875, 9.375, 10.125, 9.75, 9.25, 10.125, 9.375, 10, 8.75, 9.125, 
      9.5, 9.125, 9.875, 10.25, 8.75, 9.125, 11.125, 9.5, 9.75, 10.25, 
      9.375, 9.25, 9.625, 10.25, 10.625, 10, 10.125, 9.75, 9.25, 9.75, 
      9.75, 9.5, 9.625, 9.5, 10.125, 9.375, 10.5, 9, 9.75, 9.75, 
      9.625, 9.375, 8.75, 10.375, 10.25, 9.75, 10, 10.125, 10, 9.875, 



50 0.3 0.3, 1000 times for each
Results: 
      3.75, 3.125, 3.25, 3.25, 3.375, 3.5, 3.25, 3.375, 3.25, 3.125, 
      3.25, 3, 3.125, 3.25, 3.25, 3.5, 3.25, 3.375, 2.875, 4.5, 
      4, 3, 3.375, 3.125, 3.75, 3.375, 3.25, 3.125, 3.25, 4.125, 
      3.375, 3.25, 3.5, 3.625, 3.625, 3.5, 2.875, 3.75, 3.5, 3.625, 
      3.375, 4.25, 3.625, 3, 3.5, 3.5, 3, 3.375, 3.625, 4, 

50 0.3 0.4, 1000 times for each
Results: 
      5.875, 5.125, 5.125, 5.25, 5.625, 4.875, 5.125, 5.25, 4.625, 5, 
      4.375, 5.25, 5, 5.375, 4.5, 4.75, 4.75, 4.875, 4.375, 4.875, 
      4.5, 4.5, 4.25, 5.25, 5.375, 5.375, 5, 4.875, 4.125, 6.375, 
      5.125, 5, 4.5, 6.125, 4.625, 4.875, 4.625, 4.625, 5, 4.5, 
      5, 5.125, 4.375, 4.5, 4.5, 4.875, 4.625, 4.75, 4.625, 4.75, 

50 0.3 0.5, 1000 times for each
Results: 
      6.375, 6.625, 6.625, 7.75, 7.5, 6.5, 6.875, 6.875, 6.75, 6.5, 
      6.875, 6.625, 6.625, 6.75, 7, 6.625, 6.375, 6.875, 6.125, 7.25, 
      7.25, 6.875, 6.375, 6.5, 7.125, 7, 6.375, 6.125, 6.5, 6.75, 
      7.125, 6.75, 7.375, 6, 6.625, 7.25, 7.875, 7.125, 6.625, 6.5, 
      7.125, 6.5, 7, 7, 7.125, 7.375, 7, 7.25, 7.125, 6.875, 

50 0.3 0.6, 1000 times for each
Results: 
      8.875, 8.5, 8.25, 9.75, 9.5, 8.75, 9.125, 8.5, 8.125, 8.75, 
      9.375, 8.5, 8.875, 9.25, 9, 8.375, 9.375, 8.875, 9.125, 9.25, 
      9, 8.875, 8.375, 9.25, 9, 8.5, 8.5, 8.875, 8.75, 8.75, 
      8.375, 9.75, 9, 9.5, 9.125, 8.375, 8.75, 8.875, 8.625, 9.5, 
      9.75, 8.5, 8.375, 8.875, 8.875, 8.75, 8.625, 8.5, 8.875, 8.375, 

一下只模拟 p1 = p2 的情况：
50 0.4 0.4, 1000 times for each
Results: 
      4, 5, 4.25, 4.5, 4.75, 4.375, 4.75, 4.25, 5.25, 4.75, 
      4.25, 4.5, 5, 5, 4.625, 4.5, 4.25, 4, 4.5, 4.75, 
      4.125, 4.375, 4.5, 4.25, 4.75, 4.125, 4.125, 5.625, 4.625, 4.375, 
      4.875, 4.625, 4.125, 4.625, 4.75, 4, 4.25, 5, 4.375, 4.25, 
      4.5, 3.875, 4.125, 4.125, 4.375, 4.75, 4.375, 4.25, 4, 3.875, 

50 0.5 0.5, 1000 times for each
Results: 
      4.375, 4.625, 4.375, 5.625, 4.875, 4.625, 4.625, 5, 4.25, 4.375, 
      4.5, 5, 5.125, 5, 4.5, 4.875, 5, 4.875, 5.125, 4.625, 
      4.625, 5.125, 4.5, 4.875, 5.125, 4.5, 4.75, 5.375, 5.75, 4.75, 
      4.125, 5, 5, 4.75, 4.875, 5.5, 4.875, 5.375, 4.5, 5.5, 
      4.5, 5, 5.875, 4.5, 5.125, 5.25, 4.625, 4.625, 4.375, 4.75, 

50 0.6 0.6, 1000 times for each
Results: 
      4.75, 4.875, 4.5, 5.25, 4.875, 4.5, 4.375, 5.125, 5.25, 5, 
      4.875, 5.25, 4.75, 4.75, 5, 4.875, 4.5, 4.625, 4.75, 5, 
      4.5, 4.625, 5, 5.25, 4.875, 4.75, 4.75, 4.5, 4.625, 5.25, 
      5.5, 4.375, 4.5, 4.75, 4.875, 4.75, 4.5, 4.75, 4.875, 5, 
      4.5, 4.875, 5.125, 4.875, 4.75, 5, 5, 4.75, 5.5, 4.875, 

50 0.7 0.7, 1000 times for each
Results: 
      4.875, 4.625, 4.875, 4.875, 5.125, 4.875, 5.25, 5.25, 5, 5.375, 
      4.75, 5.875, 4.875, 4.75, 5.25, 5.125, 4.875, 4.625, 4.75, 5.5, 
      4.75, 4.625, 5.25, 5.125, 5, 5.125, 4.75, 4.625, 4.875, 5.625, 
      5.125, 5.125, 5.25, 5.25, 5.625, 5.125, 5.125, 5.125, 4.875, 4.875, 
      5.125, 5.125, 5.125, 5.375, 5.25, 5.125, 5, 4.5, 5.375, 4.75, 

50 0.8 0.8, 1000 times for each
Results: 
      6.25, 4.875, 5.5, 5, 5.25, 5.625, 6, 4.875, 5.5, 4.75, 
      5.375, 5.375, 5.875, 5.875, 4.625, 5.625, 6.125, 4.875, 5.125, 5.25, 
      5.25, 5, 5, 5.125, 6.25, 5.625, 5.25, 5, 5.375, 5.625, 
      5, 5.75, 5.5, 5.25, 4.875, 5.125, 5.5, 6, 5.375, 5.875, 
      5.75, 5, 5.5, 5.375, 6, 5.5, 5.375, 5.375, 5.875, 6.125, 

50 0.9 0.9, 1000 times for each
Results: 
      4.875, 4.75, 4.625, 4.5, 4.375, 4.875, 4.375, 4.375, 5.25, 4.625, 
      4.625, 5.25, 5.25, 4.875, 4.625, 4.875, 4.25, 4.625, 5, 4.75, 
      4.5, 5.125, 4.375, 4.5, 5.5, 5.375, 5, 4.625, 4.375, 4.875, 
      5, 4.875, 4.5, 4.75, 4.875, 5.125, 4.875, 5.25, 5, 4.875, 
      5, 4.5, 4.375, 5.375, 4.375, 4.125, 5.5, 4.875, 4.875, 5.125, 

50 0.95 0.95, 1000 times for each
Results: 
      3.5, 3.625, 3.75, 3.625, 3.625, 3.375, 3.75, 3.625, 3.5, 3.5, 
      3.625, 3.625, 3.375, 3.375, 3.625, 4, 3.5, 3.375, 3.75, 3.75, 
      4, 4.5, 3.5, 3.5, 3.875, 3.375, 3.875, 3.5, 4, 3.5, 
      3.5, 3.375, 3.375, 3.375, 3.375, 3.875, 4, 3.875, 3.5, 3.375, 
      3.75, 4, 4.25, 3.625, 3.5, 3.375, 3.5, 3.75, 3.5, 3.5, 

50 0.99 0.99, 1000 times for each
Results: 
      1.625, 1.5, 1.75, 1.625, 1.5, 1.875, 1.875, 1.625, 1.625, 1.625, 
      1.875, 1.625, 1.875, 1.625, 1.625, 1.625, 1.75, 1.625, 1.625, 1.875, 
      1.625, 1.75, 1.75, 1.75, 1.625, 1.875, 1.875, 1.625, 1.625, 1.625, 
      2, 1.75, 1.875, 1.5, 1.625, 1.875, 1.875, 1.625, 1.875, 1.625, 
      1.75, 1.75, 1.625, 1.625, 1.75, 1.625, 1.75, 1.625, 1.625, 1.875, 

50 0.99999 0.99999, 1000 times for each
Results: 
      0.125, 0.125, 0.125, 0.125, 0.125, 0.125, 0.25, 0.125, 0.125, 0.125, 
      0.125, 0.125, 0.125, 0.125, 0.125, 0.125, 0.125, 0.125, 0.125, 0.125, 
      0.25, 0.125, 0.125, 0.125, 0.125, 0.125, 0.125, 0.125, 0.125, 0.125, 
      0.125, 0.125, 0.125, 0.25, 0.125, 0.125, 0.25, 0.125, 0.125, 0.125, 
      0.125, 0.25, 0.125, 0.125, 0.125, 0.25, 0.125, 0.125, 0.125, 0.125, 

由于0.5、0.6之间非常接近，特意模拟一下 p1 = 0.5, p2 = 0.6 的情况：
50 0.5 0.6, 1000 times for each
Results: 
      6.125, 5.5, 6, 7.375, 5.75, 5.5, 5.875, 6.25, 5.625, 5.875, 
      5.5, 6.625, 6.25, 6.625, 6.25, 6.125, 5.25, 6.75, 6.125, 5.875, 
      6.125, 6.25, 6.5, 5.625, 5.5, 5.375, 6.5, 5.375, 6, 5.875, 
      6.125, 6.125, 6, 5.75, 5.625, 5.875, 5.875, 5.625, 5.875, 5.875, 
      5.5, 6.375, 5.75, 5.625, 5.75, 5.375, 5.625, 5.75, 6, 6, 
发现比同为0.5、同为0.6的都要糟一点。


总结：
额外消耗的寄存器组为
0.1 0.1  2
0.2 0.2  3
0.3 0.3  4
0.4 0.4  6
0.5 0.5  6
这个数字挺保守的：对于长度50的向量，50,000次模拟无数据丢失。
由下可见，向量太长了也不好，需要截短再加速。
100 0.5 0.5, 1000 times for each
Results: 
      8.875, 7.125, 6.875, 8.375, 7.5, 7.375, 7.375, 8.625, 7.375, 7.375, 
      7.875, 8.125, 7.25, 8.625, 8.125, 7.125, 7.375, 8.5, 7.75, 7.25, 
      9, 7.625, 7.5, 7.75, 6.875, 6.75, 8.25, 8.375, 6.75, 7.5, 
      7.875, 7.625, 8.75, 7.75, 7.75, 8.375, 7.625, 7.75, 7.875, 7.25, 
      7.5, 7.875, 7, 7.125, 7.375, 8, 7.75, 7.125, 7.875, 7.5, 
我觉得32还行
32 0.5 0.5, 1000 times for each
Results: 
      3.875, 3.75, 3.875, 3.75, 3.625, 4, 4.125, 4.125, 4.5, 4, 
      4.125, 4.25, 3.5, 4.5, 4.125, 3.625, 4.5, 3.625, 3.75, 4.625, 
      3.75, 4.5, 3.5, 4.375, 3.5, 3.75, 4.125, 4.25, 3.5, 4, 
      4.375, 4, 3.75, 4.625, 3.625, 3.875, 4.25, 4.375, 4.25, 4.375, 
      4.5, 4, 3.75, 4, 3.875, 3.875, 4.625, 3.75, 4.25, 3.75, 

32 0.5 0.9, 1000 times for each
Results: 
      9.5, 10.375, 9.625, 9.25, 9.875, 9.75, 9.5, 9.125, 9.875, 9.625, 
      9.5, 10.125, 10.125, 9.625, 10, 9.5, 9.625, 9.625, 9.75, 9.875, 
      9, 9.625, 9.875, 9.5, 9.75, 9.875, 9.25, 9.125, 9.625, 10.375, 
      9.5, 9.625, 10.125, 9.25, 9.75, 9.5, 9.375, 10, 9.625, 10.125, 
      8.875, 9.375, 9.875, 9.375, 10, 9.25, 9.625, 9.875, 11.375, 9.375, 

32 0.2 0.9, 1000 times for each
Results: 
      8.625, 8.125, 7.75, 8, 9.375, 8.25, 7.75, 8.25, 8.375, 8.25, 
      7.75, 8.5, 7.25, 7.875, 8.375, 8.25, 8.125, 8.25, 8.375, 8.125, 
      8.75, 7.875, 7.625, 8.25, 7.75, 8, 7.75, 7.875, 8.125, 8.125, 
      8.375, 8, 8.25, 8.875, 7.75, 8.125, 8.125, 8, 7.875, 7.875, 
      7.75, 8.25, 7.875, 8.625, 8.125, 8.125, 7.875, 8.125, 7.5, 8.25, 

32 0.1 0.9, 1000 times for each
Results: 
      6.25, 5.875, 5.5, 5.625, 5.75, 5.875, 5.5, 5.5, 5.5, 5.875, 
      5.5, 5.5, 5.5, 5.75, 6.5, 5.5, 5.5, 5.5, 5.875, 5.625, 
      5.625, 5.75, 5.625, 6, 5.75, 5.25, 5.875, 6, 6.5, 5.5, 
      5.125, 6.375, 5.625, 5.875, 5.75, 5.25, 5.5, 6.25, 6.125, 5.875, 
      5.5, 5.875, 5.625, 5.625, 5.625, 5.625, 5.625, 6.375, 6, 5.625, 

32 0.1 0.95, 1000 times for each
Results: 
      5.625, 5.5, 4.875, 5.875, 5.875, 5, 5.75, 5.625, 5.625, 5.5, 
      6.125, 6.125, 6.25, 5.375, 5.875, 5.125, 6, 5.625, 6.25, 5.625, 
      5.25, 5.5, 6.125, 5.5, 6.875, 4.875, 5.5, 5.125, 5.25, 6, 
      5.125, 5.625, 5.375, 6.625, 5.875, 5.625, 5.125, 5.75, 5.375, 5.125, 
      6, 6.375, 6, 5.875, 5.125, 5.25, 5.75, 5.375, 6, 5.375, 

32 0.1 0.95, 1000 times for each
Results: 
      5.875, 5.25, 5.75, 5.375, 5.875, 5.875, 6.25, 5.875, 5.75, 6.5, 
      6.125, 5.625, 6.25, 5.625, 6, 6.625, 5.75, 5.75, 6, 6.125, 
      6.25, 6.25, 6, 6.125, 6.125, 6.375, 6.25, 5.75, 5.75, 6.125, 
      5.875, 6.375, 5.875, 6.5, 6.75, 6, 5.875, 6.5, 5.5, 6, 
      6.875, 6.125, 5.375, 5.75, 6.75, 6.375, 5.375, 6.25, 6.125, 5.75, 

32 0.1 0.99999, 1000 times for each
Results: 
      5.875, 6.5, 5.75, 5.5, 6.125, 6.125, 5.5, 5.875, 6, 5.625, 
      5.625, 6.5, 5.625, 6.125, 6.25, 6.25, 5.5, 5.875, 6, 6, 
      5.75, 6, 5.75, 6.875, 6.375, 6.375, 5.875, 5.875, 6.125, 5.75, 
      6.875, 6.625, 6.125, 5.625, 5.625, 6.25, 5.875, 6, 5.875, 5.875, 
      6, 5.875, 5.625, 6.5, 6, 5.625, 5.75, 5.875, 5.75, 5.75, 

32 0.05 0.99999, 1000 times for each
Results: 
      4.375, 3.875, 3.5, 3.5, 3.375, 3.75, 3.5, 3.75, 3.5, 3.875, 
      3.875, 4.125, 3.75, 3.5, 4.25, 3.5, 4, 3.625, 4, 3.375, 
      3.375, 3.625, 4, 4.125, 3.375, 4.625, 3.375, 3.625, 3.5, 3.25, 
      3.375, 3.625, 3.875, 3.5, 3.625, 3.625, 4, 4.375, 3.125, 3.75, 
      3.5, 3.625, 3.375, 4, 3.5, 3.625, 3.625, 4.125, 3.75, 3.625, 

32 0.05 0.8, 1000 times for each
Results: 
      3.25, 3.5, 3.25, 3.125, 3.5, 3.375, 3.125, 3.125, 3.5, 3.125, 
      4, 3.25, 3.625, 3.125, 3.375, 3, 3.375, 3.375, 3.75, 2.875, 
      3.625, 3.875, 3.625, 3.625, 3.375, 3.625, 3.25, 3.125, 3.125, 3.625, 
      3.375, 3.5, 3.375, 3.125, 3.5, 3.125, 3.125, 3.5, 3, 3.875, 
      3.875, 3.625, 3.75, 3.5, 3.875, 3.25, 3.5, 3.625, 4.25, 3.25, 

32 0.1 0.8, 1000 times for each
Results: 
      6.25, 4.875, 5.75, 5.375, 5.625, 5.25, 6, 6.25, 6.125, 5.5, 
      5, 5.5, 6, 5.375, 5.75, 5.25, 6, 5.375, 5.25, 5.875, 
      5.5, 7.75, 5.125, 5.375, 5.75, 5.5, 5.5, 6.125, 5.875, 5.25, 
      6.125, 5.625, 5.5, 5.75, 5.25, 5.875, 6, 6, 5.125, 5.125, 
      5.375, 5.375, 5.625, 5.75, 6, 6.375, 6, 5.5, 6, 5.375, 

32 0.1 0.9, 1000 times for each
Results: 
      5.875, 5.25, 4.875, 5.375, 5.875, 5.75, 6, 5.5, 5.625, 5.25, 
      5.125, 5.25, 5.625, 5, 5.75, 6, 5.5, 5.25, 5.375, 5.5, 
      5.5, 5.625, 5.25, 4.875, 5.875, 6, 5.25, 5.25, 5.5, 5.625, 
      5.5, 5, 5.75, 5.875, 5.625, 5.875, 7, 5.5, 5.75, 5.25, 
      5.25, 5.125, 5.375, 5.25, 5.875, 6.625, 5.5, 5.625, 5, 5.875, 

32 0.1 0.95, 1000 times for each
Results: 
      6.5, 6, 5.875, 5.75, 6.125, 6, 5.375, 5.75, 5.5, 5.875, 
      6.25, 5.25, 5.75, 6.75, 7.125, 6.125, 6.25, 6, 6.375, 5.75, 
      6.25, 5.5, 5.875, 5.875, 6.125, 5.625, 5.5, 6.75, 6.125, 5.5, 
      5.625, 6.25, 6, 6.375, 5.75, 7.25, 5.625, 5.875, 6.375, 5.875, 
      5.875, 5.75, 6.375, 5.5, 6.125, 6.25, 6.25, 5.875, 5.375, 5.875, 

32 0.1 0.95, 1000 times for each
Results: 
      5.5, 5.25, 5.375, 5.625, 5.625, 5.25, 5.25, 5.5, 5.25, 5.25, 
      6, 5.75, 5.625, 5.625, 5.375, 5.625, 5.125, 7.5, 6.625, 5.625, 
      6.5, 5.875, 6, 5.25, 5.5, 5.125, 5.25, 5.875, 5.25, 5.25, 
      7, 5.75, 5.5, 5.875, 5.875, 5.625, 5.625, 5.625, 5.25, 5.5, 
      5.75, 5.125, 5.75, 6, 5.875, 5.25, 6.375, 5.5, 5.375, 5.875, 

32 0.1 0.999999, 1000 times for each
Results: 
      6.375, 5.625, 5.5, 5.375, 5.375, 5.25, 5.25, 5.5, 6, 5.5, 
      6.375, 6, 5.875, 6.125, 5.75, 5.375, 6.375, 5.5, 5.75, 5.875, 
      5.375, 5.25, 5.25, 6.25, 5.75, 6, 6, 5.625, 6, 5.625, 
      5.375, 7.125, 6.625, 5.875, 5.5, 6.125, 6.125, 6.375, 6.75, 6.125, 
      5.625, 5.875, 6.625, 6.125, 5.625, 5.5, 5.875, 6.125, 5.75, 5.5, 

32 0.1 0.9, 1000 times for each
Results: 
      5.625, 5.5, 5.75, 6, 6.25, 5.75, 6, 6.25, 5.625, 5.5, 
      5.75, 5.25, 5.875, 6.125, 5.75, 5.5, 5.875, 5.875, 5.625, 5.25, 
      6, 6.125, 5.75, 6.375, 6.125, 5.875, 5.875, 6.25, 5.375, 5.75, 
      5.375, 6.25, 6.125, 6, 5.5, 6, 5.25, 5.125, 5.375, 5.875, 
      5.625, 5.625, 6, 5.5, 5.25, 6.5, 5.375, 5.625, 5.5, 6, 

32 0.1 0.5, 1000 times for each
Results: 
      4.125, 3.75, 3.5, 3.875, 3.375, 3.5, 4.5, 3.125, 4.25, 3.5, 
      4, 3.5, 3.625, 3.25, 3.5, 3.5, 4, 4.625, 3.375, 3.75, 
      3.5, 3.25, 3.75, 3.75, 3.375, 3.5, 4.5, 4, 4.125, 3.25, 
      3.875, 3.5, 3.5, 3.375, 3.25, 3.875, 3.625, 3.25, 3.75, 3.5, 
      3.5, 3.875, 3.75, 3.625, 3.375, 4.5, 3.875, 3.625, 3.5, 3.75, 

32 0.1 0.4, 1000 times for each
Results: 
      3, 3.375, 3, 2.875, 3.125, 2.875, 2.875, 3.25, 3.125, 3, 
      2.875, 2.75, 3, 2.75, 2.875, 2.625, 3, 3, 2.875, 3, 
      2.75, 2.875, 3.125, 3.5, 2.625, 2.875, 2.875, 2.75, 2.875, 2.75, 
      2.875, 3, 3, 3, 3.125, 3, 3.125, 3, 3, 3.25, 
      2.875, 3.75, 3, 2.625, 2.5, 2.875, 3.125, 2.875, 2.75, 3, 

